3 
------------------------------------------------------------ 
Reach : Reach3  Profile : 09.9_013_120  Storm:  STM204_TPh1_TAmp1 
------------------------------------------------------------ 
1                                         ->ILINE
1                                        ->IPROFL
0                                         ->ISEDAV
0                                         ->IPERM
1                                         ->IOVER
0                                         ->IWTRAN
0                                         ->IPOND
0                                         ->INFILT
0                                         ->IWCINT
0                                         ->IROLL 
0                                         ->IWIND 
0                                         ->ITIDE 
0                                         ->IVEG  
     1.0000                                ->DXC
     0.7000                                ->GAMMA 
     0.2000     0.0262     2.6500         ->D50 WF SG
     0.0020     0.0050     0.5000     0.1000              ->EFFB EFFF SLP
     0.6300     0.0010                    ->TANPHI BLP
     0.0200                               ->RWH 
0                                         ->ILAB
96                                        ->NWAVE 
96                                        ->NSURGE 
       0.00     2.9120     0.0581     0.0000
    3600.00     2.9068     0.0590     0.0000
    7200.00     2.9112     0.0597     0.0000
   10800.00     2.9097     0.0610     0.0000
   14400.00     2.9477     0.0475     0.0000
   18000.00     2.9241     0.0478     0.0000
   21600.00     2.9210     0.0500     0.0000
   25200.00     2.9239     0.0501     0.0000
   28800.00     2.9198     0.0510     0.0000
   32400.00     2.9194     0.0525     0.0000
   36000.00     2.9404     0.0532     0.0000
   39600.00     2.9293     0.0538     0.0000
   43200.00     2.9425     0.0550     0.0000
   46800.00     2.9536     0.0565     0.0000
   50400.00     2.9497     0.0575     0.0000
   54000.00     2.9533     0.0589     0.0000
   57600.00     2.9308     0.0594     0.0000
   61200.00     2.9264     0.0603     0.0000
   64800.00     2.9301     0.0616     0.0000
   68400.00     2.9326     0.0629     0.0000
   72000.00     2.9352     0.0643     0.0000
   75600.00     2.9358     0.0656     0.0000
   79200.00     2.9323     0.0677     0.0000
   82800.00     2.9242     0.0685     0.0000
   86400.00     2.9226     0.0701     0.0000
   90000.00     2.9149     0.0710     0.0000
   93600.00     2.9162     0.0724     0.0000
   97200.00     2.9012     0.0732     0.0000
  100800.00     2.8979     0.0751     0.0000
  104400.00     2.9020     0.0771     0.0000
  108000.00     2.9048     0.0787     0.0000
  111600.00     2.9106     0.0807     0.0000
  115200.00     2.9183     0.0825     0.0000
  118800.00     2.9217     0.0842     0.0000
  122400.00     2.9279     0.0862     0.0000
  126000.00     2.9281     0.0885     0.0000
  129600.00     2.9341     0.0906     0.0000
  133200.00     2.9401     0.0922     0.0000
  136800.00     2.9451     0.0945     0.0000
  140400.00     2.9520     0.0966     0.0000
  144000.00     2.9589     0.0986     0.0000
  147600.00     2.9614     0.1015     0.0000
  151200.00     2.9683     0.1035     0.0000
  154800.00     2.9911     0.1032     0.0000
  158400.00     2.9941     0.1043     0.0000
  162000.00     2.9981     0.1067     0.0000
  165600.00     3.0051     0.1098     0.0000
  169200.00     3.0207     0.1150     0.0000
  172800.00     3.0399     0.1203     0.0000
  176400.00     3.0482     0.1249     0.0000
  180000.00     3.0828     0.1297     0.0000
  183600.00     3.2485     0.1500     0.0000
  187200.00     3.3273     0.1571     0.0000
  190800.00     3.4264     0.1689     0.0000
  194400.00     3.2794     0.2389     0.0000
  198000.00     3.3839     0.2541     0.0000
  201600.00     3.4802     0.2703     0.0000
  205200.00     3.6358     0.3306     0.0000
  208800.00     3.5964     0.4309     0.0000
  212400.00     3.5473     0.2667     0.0000
  216000.00     3.1881     0.0740     0.0000
  219600.00     3.6966     0.2758     0.0000
  223200.00     4.2060     0.6679     0.0000
  226800.00     4.2396     0.6568     0.0000
  230400.00     3.8838     0.6141     0.0000
  234000.00     3.7010     0.5472     0.0000
  237600.00     3.4928     0.4925     0.0000
  241200.00     3.3950     0.4406     0.0000
  244800.00     3.3300     0.4051     0.0000
  248400.00     3.2781     0.3830     0.0000
  252000.00     3.2321     0.3452     0.0000
  255600.00     3.2097     0.3164     0.0000
  259200.00     3.1814     0.2909     0.0000
  262800.00     3.1639     0.2708     0.0000
  266400.00     3.1513     0.2510     0.0000
  270000.00     3.1451     0.2384     0.0000
  273600.00     3.1390     0.2279     0.0000
  277200.00     3.1377     0.2185     0.0000
  280800.00     3.1276     0.2106     0.0000
  284400.00     3.1291     0.2030     0.0000
  288000.00     3.1560     0.1946     0.0000
  291600.00     3.1480     0.1907     0.0000
  295200.00     3.1463     0.1823     0.0000
  298800.00     3.1535     0.1781     0.0000
  302400.00     3.1711     0.1759     0.0000
  306000.00     3.2891     0.1668     0.0000
  309600.00     3.2873     0.1650     0.0000
  313200.00     3.3109     0.1602     0.0000
  316800.00     3.3116     0.1596     0.0000
  320400.00     3.3023     0.1553     0.0000
  324000.00     3.2904     0.1553     0.0000
  327600.00     3.2821     0.1468     0.0000
  331200.00     3.2749     0.1466     0.0000
  334800.00     3.3396     0.1352     0.0000
  338400.00     3.3260     0.1338     0.0000
  342000.00     3.3402     0.1283     0.0000
  345600.00     3.3430     0.1261     0.0000
       0.00     0.2799
    3600.00     0.2478
    7200.00     0.1868
   10800.00     0.1127
   14400.00     0.0477
   18000.00     0.0052
   21600.00    -0.0008
   25200.00     0.0293
   28800.00     0.0900
   32400.00     0.1644
   36000.00     0.2376
   39600.00     0.2896
   43200.00     0.3088
   46800.00     0.2893
   50400.00     0.2375
   54000.00     0.1662
   57600.00     0.0919
   61200.00     0.0355
   64800.00     0.0080
   68400.00     0.0185
   72000.00     0.0625
   75600.00     0.1305
   79200.00     0.2052
   82800.00     0.2698
   86400.00     0.3065
   90000.00     0.3086
   93600.00     0.2736
   97200.00     0.2123
  100800.00     0.1394
  104400.00     0.0728
  108000.00     0.0309
  111600.00     0.0224
  115200.00     0.0513
  118800.00     0.1105
  122400.00     0.1855
  126000.00     0.2587
  129600.00     0.3126
  133200.00     0.3332
  136800.00     0.3175
  140400.00     0.2690
  144000.00     0.2015
  147600.00     0.1321
  151200.00     0.0776
  154800.00     0.0536
  158400.00     0.0667
  162000.00     0.1143
  165600.00     0.1872
  169200.00     0.2672
  172800.00     0.3372
  176400.00     0.3789
  180000.00     0.3841
  183600.00     0.3546
  187200.00     0.2975
  190800.00     0.2290
  194400.00     0.1648
  198000.00     0.1204
  201600.00     0.1146
  205200.00     0.1644
  208800.00     0.2530
  212400.00     0.3491
  216000.00     0.4804
  219600.00     0.6016
  223200.00     0.6704
  226800.00     0.6149
  230400.00     0.5361
  234000.00     0.3971
  237600.00     0.2505
  241200.00     0.1371
  244800.00     0.0733
  248400.00     0.0430
  252000.00     0.0455
  255600.00     0.0748
  259200.00     0.1164
  262800.00     0.1545
  266400.00     0.1619
  270000.00     0.1289
  273600.00     0.0606
  277200.00    -0.0289
  280800.00    -0.1204
  284400.00    -0.1962
  288000.00    -0.2434
  291600.00    -0.2529
  295200.00    -0.2228
  298800.00    -0.1577
  302400.00    -0.0715
  306000.00     0.0130
  309600.00     0.0749
  313200.00     0.1023
  316800.00     0.0915
  320400.00     0.0481
  324000.00    -0.0158
  327600.00    -0.0854
  331200.00    -0.1414
  334800.00    -0.1682
  338400.00    -0.1561
  342000.00    -0.1081
  345600.00    -0.0352
421                                  ->NBINP 
     0.0000    -9.2973     0.0150
     3.0480    -9.2848     0.0150
     6.0960    -9.2830     0.0150
     9.1440    -9.2684     0.0150
    12.1920    -9.2540     0.0150
    15.2400    -9.2525     0.0150
    18.2880    -9.2428     0.0150
    21.3360    -9.2287     0.0150
    24.3840    -9.2135     0.0150
    27.4320    -9.1946     0.0150
    30.4800    -9.1928     0.0150
    33.5280    -9.1934     0.0150
    36.5760    -9.1775     0.0150
    39.6240    -9.1659     0.0150
    42.6720    -9.1541     0.0150
    45.7200    -9.1449     0.0150
    48.7680    -9.1346     0.0150
    51.8160    -9.1403     0.0150
    54.8640    -9.1242     0.0150
    57.9120    -9.1086     0.0150
    60.9600    -9.0946     0.0150
    64.0080    -9.0836     0.0150
    67.0560    -9.0663     0.0150
    70.1040    -9.0465     0.0150
    73.1520    -9.0291     0.0150
    76.2000    -9.0166     0.0150
    79.2480    -8.9968     0.0150
    82.2960    -8.9764     0.0150
    85.3440    -8.9608     0.0150
    88.3920    -8.9444     0.0150
    91.4400    -8.9303     0.0150
    94.4880    -8.9142     0.0150
    97.5360    -8.8989     0.0150
   100.5840    -8.8864     0.0150
   103.6320    -8.8639     0.0150
   106.6800    -8.8474     0.0150
   109.7280    -8.8322     0.0150
   112.7760    -8.8243     0.0150
   115.8240    -8.8182     0.0150
   118.8720    -8.8151     0.0150
   121.9200    -8.8121     0.0150
   124.9680    -8.8090     0.0150
   128.0160    -8.8060     0.0150
   131.0640    -8.8029     0.0150
   134.1120    -8.7999     0.0150
   137.1600    -8.7968     0.0150
   140.2080    -8.7938     0.0150
   143.2560    -8.7907     0.0150
   146.3040    -8.7877     0.0150
   149.3520    -8.7846     0.0150
   152.4000    -8.7618     0.0150
   155.4480    -8.7389     0.0150
   158.4960    -8.7161     0.0150
   161.5440    -8.6932     0.0150
   164.5920    -8.6764     0.0150
   167.6400    -8.6603     0.0150
   170.6880    -8.6542     0.0150
   173.7360    -8.6429     0.0150
   176.7840    -8.6271     0.0150
   179.8320    -8.6130     0.0150
   182.8800    -8.5966     0.0150
   185.9280    -8.5783     0.0150
   188.9760    -8.5658     0.0150
   192.0240    -8.5527     0.0150
   195.0720    -8.5521     0.0150
   198.1200    -8.5466     0.0150
   201.1680    -8.5265     0.0150
   204.2160    -8.5070     0.0150
   207.2640    -8.4905     0.0150
   210.3120    -8.4744     0.0150
   213.3600    -8.4570     0.0150
   216.4080    -8.4433     0.0150
   219.4560    -8.4311     0.0150
   222.5040    -8.4174     0.0150
   225.5520    -8.3988     0.0150
   228.6000    -8.3826     0.0150
   231.6480    -8.3616     0.0150
   234.6960    -8.3436     0.0150
   237.7440    -8.3268     0.0150
   240.7920    -8.3104     0.0150
   243.8400    -8.2960     0.0150
   246.8880    -8.2781     0.0150
   249.9360    -8.2564     0.0150
   252.9840    -8.2412     0.0150
   256.0320    -8.2223     0.0150
   259.0800    -8.2031     0.0150
   262.1280    -8.1821     0.0150
   265.1760    -8.1644     0.0150
   268.2240    -8.1436     0.0150
   271.2720    -8.1238     0.0150
   274.3200    -8.1098     0.0150
   277.3680    -8.0976     0.0150
   280.4160    -8.0793     0.0150
   283.4640    -8.0614     0.0150
   286.5120    -8.0418     0.0150
   289.5600    -8.0199     0.0150
   292.6080    -7.9995     0.0150
   295.6560    -7.9797     0.0150
   298.7040    -7.9632     0.0150
   301.7520    -7.9458     0.0150
   304.8000    -7.9358     0.0150
   307.8480    -7.9291     0.0150
   310.8960    -7.9117     0.0150
   313.9440    -7.8946     0.0150
   316.9920    -7.8785     0.0150
   320.0400    -7.8623     0.0150
   323.0880    -7.8398     0.0150
   326.1360    -7.8132     0.0150
   329.1840    -7.7916     0.0150
   332.2320    -7.7751     0.0150
   335.2800    -7.7581     0.0150
   338.3280    -7.7389     0.0150
   341.3760    -7.7160     0.0150
   344.4240    -7.6977     0.0150
   347.4720    -7.6767     0.0150
   350.5200    -7.6557     0.0150
   353.5680    -7.6307     0.0150
   356.6160    -7.6099     0.0150
   359.6640    -7.5907     0.0150
   362.7120    -7.5731     0.0150
   365.7600    -7.5502     0.0150
   368.8080    -7.5292     0.0150
   371.8560    -7.5081     0.0150
   374.9040    -7.4865     0.0150
   377.9520    -7.4652     0.0150
   381.0000    -7.4426     0.0150
   384.0480    -7.4204     0.0150
   387.0960    -7.3963     0.0150
   390.1440    -7.3756     0.0150
   393.1920    -7.3533     0.0150
   396.2400    -7.3310     0.0150
   399.2880    -7.3076     0.0150
   402.3360    -7.2856     0.0150
   405.3840    -7.2649     0.0150
   408.4320    -7.2436     0.0150
   411.4800    -7.2228     0.0150
   414.5280    -7.2021     0.0150
   417.5760    -7.1826     0.0150
   420.6240    -7.1564     0.0150
   423.6720    -7.1305     0.0150
   426.7200    -7.1089     0.0150
   429.7680    -7.0832     0.0150
   432.8160    -7.0573     0.0150
   435.8640    -7.0363     0.0150
   438.9120    -7.0131     0.0150
   441.9600    -6.9894     0.0150
   445.0080    -6.9662     0.0150
   448.0560    -6.9446     0.0150
   451.1040    -6.9193     0.0150
   454.1520    -6.8946     0.0150
   457.2000    -6.8769     0.0150
   460.2480    -6.8525     0.0150
   463.2960    -6.8257     0.0150
   466.3440    -6.7992     0.0150
   469.3920    -6.7760     0.0150
   472.4400    -6.7550     0.0150
   475.4880    -6.7321     0.0150
   478.5360    -6.7041     0.0150
   481.5840    -6.6818     0.0150
   484.6320    -6.6547     0.0150
   487.6800    -6.6300     0.0150
   490.7280    -6.6078     0.0150
   493.7760    -6.5858     0.0150
   496.8240    -6.5623     0.0150
   499.8720    -6.5383     0.0150
   502.9200    -6.5185     0.0150
   505.9680    -6.4919     0.0150
   509.0160    -6.4627     0.0150
   512.0640    -6.4410     0.0150
   515.1120    -6.4179     0.0150
   518.1600    -6.3923     0.0150
   521.2080    -6.3661     0.0150
   524.2560    -6.3423     0.0150
   527.3040    -6.3173     0.0150
   530.3520    -6.2911     0.0150
   533.4000    -6.2664     0.0150
   536.4480    -6.2423     0.0150
   539.4960    -6.2194     0.0150
   542.5440    -6.1969     0.0150
   545.5920    -6.1710     0.0150
   548.6400    -6.1499     0.0150
   551.6880    -6.1253     0.0150
   554.7360    -6.0978     0.0150
   557.7840    -6.0750     0.0150
   560.8320    -6.0518     0.0150
   563.8800    -6.0299     0.0150
   566.9280    -6.0070     0.0150
   569.9760    -5.9817     0.0150
   573.0240    -5.9558     0.0150
   576.0720    -5.9317     0.0150
   579.1200    -5.9061     0.0150
   582.1680    -5.8820     0.0150
   585.2160    -5.8604     0.0150
   588.2640    -5.8403     0.0150
   591.3120    -5.8168     0.0150
   594.3600    -5.7939     0.0150
   597.4080    -5.7714     0.0150
   600.4560    -5.7491     0.0150
   603.5040    -5.7241     0.0150
   606.5520    -5.6992     0.0150
   609.6000    -5.6757     0.0150
   612.6480    -5.6534     0.0150
   615.6960    -5.6312     0.0150
   618.7440    -5.6077     0.0150
   621.7920    -5.5894     0.0150
   624.8400    -5.5678     0.0150
   627.8880    -5.5443     0.0150
   630.9360    -5.5205     0.0150
   633.9840    -5.5007     0.0150
   637.0320    -5.4794     0.0150
   640.0800    -5.4587     0.0150
   643.1280    -5.4352     0.0150
   646.1760    -5.4157     0.0150
   649.2240    -5.3922     0.0150
   652.2720    -5.3727     0.0150
   655.3200    -5.3520     0.0150
   658.3680    -5.3273     0.0150
   661.4160    -5.3011     0.0150
   664.4640    -5.2822     0.0150
   667.5120    -5.2624     0.0150
   670.5600    -5.2401     0.0150
   673.6080    -5.2194     0.0150
   676.6560    -5.1993     0.0150
   679.7040    -5.1782     0.0150
   682.7520    -5.1581     0.0150
   685.8000    -5.1368     0.0150
   688.8480    -5.1130     0.0150
   691.8960    -5.0908     0.0150
   694.9440    -5.0661     0.0150
   697.9920    -5.0426     0.0150
   701.0400    -5.0185     0.0150
   704.0880    -4.9963     0.0150
   707.1360    -4.9719     0.0150
   710.1840    -4.9478     0.0150
   713.2320    -4.9204     0.0150
   716.2800    -4.8972     0.0150
   719.3280    -4.8722     0.0150
   722.3760    -4.8481     0.0150
   725.4240    -4.8232     0.0150
   728.4720    -4.7951     0.0150
   731.5200    -4.7692     0.0150
   734.5680    -4.7436     0.0150
   737.6160    -4.7162     0.0150
   740.6640    -4.6878     0.0150
   743.7120    -4.6625     0.0150
   746.7600    -4.6375     0.0150
   749.8080    -4.6104     0.0150
   752.8560    -4.5811     0.0150
   755.9040    -4.5513     0.0150
   758.9520    -4.5217     0.0150
   762.0000    -4.4934     0.0150
   765.0480    -4.4647     0.0150
   768.0960    -4.4370     0.0150
   771.1440    -4.4059     0.0150
   774.1920    -4.3760     0.0150
   777.2400    -4.3471     0.0150
   780.2880    -4.3211     0.0150
   783.3360    -4.2922     0.0150
   786.3840    -4.2605     0.0150
   789.4320    -4.2343     0.0150
   792.4800    -4.2044     0.0150
   795.5280    -4.1736     0.0150
   798.5760    -4.1428     0.0150
   801.6240    -4.1111     0.0150
   804.6720    -4.0865     0.0150
   807.7200    -4.0569     0.0150
   810.7680    -4.0298     0.0150
   813.8160    -4.0011     0.0150
   816.8640    -3.9734     0.0150
   819.9120    -3.9435     0.0150
   822.9600    -3.9194     0.0150
   826.0080    -3.8941     0.0150
   829.0560    -3.8707     0.0150
   832.1040    -3.8493     0.0150
   835.1520    -3.8198     0.0150
   838.2000    -3.7914     0.0150
   841.2480    -3.7707     0.0150
   844.2960    -3.7484     0.0150
   847.3440    -3.7286     0.0150
   850.3920    -3.7115     0.0150
   853.4400    -3.6914     0.0150
   856.4880    -3.6747     0.0150
   859.5360    -3.6600     0.0150
   862.5840    -3.6472     0.0150
   865.6320    -3.6387     0.0150
   868.6800    -3.6329     0.0150
   871.7280    -3.6369     0.0150
   874.7760    -3.6454     0.0150
   877.8240    -3.6634     0.0150
   880.8720    -3.6896     0.0150
   883.9200    -3.7314     0.0150
   886.9680    -3.7859     0.0150
   890.0160    -3.8524     0.0150
   893.0640    -3.9249     0.0150
   896.1120    -4.0014     0.0150
   899.1600    -4.0700     0.0150
   902.2080    -4.1224     0.0150
   905.2560    -4.1694     0.0150
   908.3040    -4.2044     0.0150
   911.3520    -4.2239     0.0150
   914.4000    -4.2309     0.0150
   917.4480    -4.2315     0.0150
   920.4960    -4.2276     0.0150
   923.5440    -4.2203     0.0150
   926.5920    -4.2117     0.0150
   929.6400    -4.1953     0.0150
   932.6880    -4.1803     0.0150
   935.7360    -4.1675     0.0150
   938.7840    -4.1489     0.0150
   941.8320    -4.1325     0.0150
   944.8800    -4.1114     0.0150
   947.9280    -4.0919     0.0150
   950.9760    -4.0712     0.0150
   954.0240    -4.0505     0.0150
   957.0720    -4.0319     0.0150
   960.1200    -4.0078     0.0150
   963.1680    -3.9843     0.0150
   966.2160    -3.9612     0.0150
   969.2640    -3.9368     0.0150
   972.3120    -3.9100     0.0150
   975.3600    -3.8795     0.0150
   978.4080    -3.8542     0.0150
   981.4560    -3.8301     0.0150
   984.5040    -3.7999     0.0150
   987.5520    -3.7689     0.0150
   990.6000    -3.7414     0.0150
   993.6480    -3.7073     0.0150
   996.6960    -3.6771     0.0150
   999.7440    -3.6427     0.0150
  1002.7920    -3.6067     0.0150
  1005.8400    -3.5738     0.0150
  1008.8880    -3.5366     0.0150
  1011.9360    -3.5043     0.0150
  1014.9840    -3.4753     0.0150
  1018.0320    -3.4311     0.0150
  1021.0800    -3.3897     0.0150
  1026.2845    -3.3266     0.0150
  1029.3325    -3.2976     0.0150
  1032.3805    -3.2684     0.0150
  1035.4282    -3.2461     0.0150
  1038.4762    -3.2300     0.0150
  1041.5242    -3.2147     0.0150
  1044.5722    -3.2031     0.0150
  1047.6205    -3.1958     0.0150
  1050.6685    -3.1855     0.0150
  1053.7165    -3.1769     0.0150
  1056.7645    -3.1693     0.0150
  1059.8122    -3.1547     0.0150
  1062.8602    -3.1425     0.0150
  1065.9082    -3.1239     0.0150
  1068.9565    -3.1004     0.0150
  1072.0045    -3.0760     0.0150
  1075.0525    -3.0559     0.0150
  1078.1005    -3.0367     0.0150
  1081.1482    -3.0111     0.0150
  1084.1962    -2.9779     0.0150
  1087.2442    -2.9447     0.0150
  1090.2922    -2.9081     0.0150
  1093.3405    -2.8596     0.0150
  1096.3885    -2.8020     0.0150
  1099.4365    -2.7484     0.0150
  1102.4845    -2.6966     0.0150
  1105.5322    -2.6420     0.0150
  1108.5802    -2.5981     0.0150
  1111.6282    -2.5545     0.0150
  1114.6765    -2.5027     0.0150
  1117.7245    -2.4442     0.0150
  1120.7725    -2.3884     0.0150
  1123.8205    -2.3278     0.0150
  1126.8682    -2.2573     0.0150
  1129.9162    -2.1833     0.0150
  1132.9642    -2.1043     0.0150
  1136.0122    -2.0236     0.0150
  1139.0605    -1.9391     0.0150
  1142.1085    -1.8532     0.0150
  1145.1565    -1.7608     0.0150
  1148.2042    -1.6682     0.0150
  1151.2522    -1.5722     0.0150
  1154.3002    -1.4813     0.0150
  1157.3482    -1.3993     0.0150
  1160.3965    -1.3222     0.0150
  1163.4445    -1.2667     0.0150
  1166.4925    -1.2808     0.0150
  1169.5405    -1.4079     0.0150
  1172.5882    -1.6051     0.0150
  1175.6362    -1.7706     0.0150
  1178.6842    -1.8547     0.0150
  1181.7322    -1.8788     0.0150
  1184.7805    -1.8605     0.0150
  1187.8282    -1.8264     0.0150
  1190.8762    -1.7715     0.0150
  1193.9245    -1.7026     0.0150
  1196.9725    -1.6225     0.0150
  1200.0202    -1.5426     0.0150
  1203.0682    -1.4640     0.0150
  1206.1165    -1.3801     0.0150
  1209.1645    -1.2783     0.0150
  1212.2122    -1.1860     0.0150
  1215.2602    -1.1104     0.0150
  1218.3085    -1.0269     0.0150
  1221.3565    -0.9376     0.0150
  1224.4042    -0.8592     0.0150
  1227.4525    -0.7778     0.0150
  1230.5005    -0.6821     0.0150
  1233.5482    -0.6014     0.0150
  1236.5962    -0.5215     0.0150
  1239.6445    -0.4538     0.0150
  1242.6925    -0.3877     0.0150
  1245.7402    -0.3170     0.0150
  1248.7882    -0.2588     0.0150
  1251.8365    -0.1993     0.0150
  1254.8845    -0.1524     0.0150
  1257.9322    -0.0811     0.0150
  1260.9805    -0.0101     0.0150
  1261.0810    -0.0101     0.0150
  1268.7513     1.5240     0.0150
  1305.3273     1.5240     0.0150
  1311.3014     3.0175     0.0150
  1315.2638     3.0175     0.0150
  1318.7995     2.1336     0.0150
  1385.8555     2.1336     0.0150
